model,lang,n,lang_match_rate,subject_sense_rate,sense_n,low_n,type_definition,type_completion,type_clarification,type_multi_sense,type_refusal,type_other,net_valence,positive,neutral,negative,unlabeled,eastern,western,general
openai/gpt-6-luna,en,20,1.0,0.4,8,True,5,0,15,0,0,0,0.231,6,20,0,0,0,0,26
openai/gpt-6-luna,ko,20,1.0,1.0,20,False,0,0,20,0,0,0,0.227,20,68,0,0,0,0,88
openai/gpt-6-luna,zh,20,1.0,1.0,20,False,20,0,0,0,0,0,0.145,20,118,0,0,0,0,138
openai/gpt-6-luna,ja,20,1.0,1.0,20,False,0,0,20,0,0,0,0.119,18,58,8,0,3,0,81
anthropic/claude-haiku-4.5,en,20,1.0,1.0,20,False,12,0,0,8,0,0,0.115,36,238,4,0,0,0,278
anthropic/claude-haiku-4.5,ko,20,1.0,1.0,20,False,20,0,0,0,0,0,0.108,25,165,4,0,3,0,191
anthropic/claude-haiku-4.5,zh,20,1.0,1.0,20,False,20,0,0,0,0,0,0.104,26,214,1,0,0,0,241
anthropic/claude-haiku-4.5,ja,20,1.0,1.0,20,False,20,0,0,0,0,0,0.147,27,157,0,0,7,0,177
google/gemini-3.5-flash-lite,en,20,1.0,1.0,20,False,1,0,0,19,0,0,0.214,34,108,3,0,0,6,139
google/gemini-3.5-flash-lite,ko,20,1.0,1.0,20,False,20,0,0,0,0,0,0.169,103,264,35,0,74,61,267
google/gemini-3.5-flash-lite,zh,20,1.0,1.0,20,False,20,0,0,0,0,0,0.148,133,362,52,0,67,86,394
google/gemini-3.5-flash-lite,ja,20,1.0,1.0,20,False,18,0,2,0,0,0,0.064,48,301,24,0,25,2,346
meta-llama/llama-4-maverick,en,20,1.0,1.0,20,False,10,0,5,5,0,0,0.103,52,227,21,0,0,6,294
meta-llama/llama-4-maverick,ko,20,1.0,1.0,20,False,20,0,0,0,0,0,0.246,35,102,1,0,3,0,135
meta-llama/llama-4-maverick,zh,20,1.0,1.0,20,False,20,0,0,0,0,0,0.176,31,105,6,0,0,7,135
meta-llama/llama-4-maverick,ja,20,1.0,1.0,20,False,20,0,0,0,0,0,0.225,20,69,0,0,1,0,88
mistralai/mistral-small-2603,en,20,1.0,0.75,15,False,5,1,4,7,0,3,0.102,18,83,7,0,0,1,107
mistralai/mistral-small-2603,ko,20,1.0,1.0,20,False,18,0,1,1,0,0,0.098,32,148,13,0,21,6,166
mistralai/mistral-small-2603,zh,20,1.0,0.95,19,False,16,0,2,0,0,2,0.07,15,169,2,0,6,4,176
mistralai/mistral-small-2603,ja,20,1.0,1.0,20,False,18,1,1,0,0,0,0.103,24,166,4,0,8,1,185
deepseek/deepseek-v4.1-flash,en,20,1.0,1.0,20,False,2,0,0,18,0,0,0.183,26,103,2,0,0,3,128
deepseek/deepseek-v4.1-flash,ko,20,0.8,0.8,16,False,16,0,4,0,0,0,0.087,23,167,6,0,5,0,191
deepseek/deepseek-v4.1-flash,zh,20,1.0,1.0,20,False,7,8,1,4,0,0,0.132,83,212,39,0,60,26,248
deepseek/deepseek-v4.1-flash,ja,20,1.0,1.0,20,False,4,6,10,0,0,0,0.173,30,116,4,0,21,0,129
qwen/qwen3.8-flash,en,20,1.0,0.9,18,False,4,0,0,15,0,1,0.06,25,162,13,0,0,6,194
qwen/qwen3.8-flash,ko,20,1.0,1.0,20,False,20,0,0,0,0,0,0.128,38,223,4,0,7,2,256
qwen/qwen3.8-flash,zh,20,1.0,1.0,20,False,20,0,0,0,0,0,0.107,45,323,5,0,8,5,360
qwen/qwen3.8-flash,ja,20,1.0,1.0,20,False,20,0,0,0,0,0,0.079,25,223,5,0,23,0,230
upstage/solar-mini4,en,20,1.0,1.0,20,False,0,0,1,19,0,0,0.241,21,61,1,0,0,1,82
upstage/solar-mini4,ko,20,1.0,1.0,20,False,18,2,0,0,0,0,0.125,67,270,22,0,20,11,328
upstage/solar-mini4,zh,20,1.0,1.0,20,False,20,0,0,0,0,0,0.098,41,254,11,0,3,4,299
upstage/solar-mini4,ja,20,1.0,1.0,20,False,20,0,0,0,0,0,0.023,27,216,21,0,20,1,243
